Metrics table (head):
                    WorldA    WorldB    WorldC    WorldD    WorldE    WorldF  \
model                                                                          
ExtraTrees        0.767763  0.955378  0.733326  0.770272  0.772267  0.769521   
GaussianNB        0.764089  0.803674  0.710341  0.765096  0.766844  0.766499   
GradientBoosting  0.767704  0.891496  0.735870  0.769975  0.767526  0.760721   
Logistic_L1       0.780919  0.806756  0.745059  0.781531  0.782756  0.782163   
Logistic_L2       0.778311  0.801659  0.738081  0.778765  0.776519  0.777225   

                    WorldG  
model                       
ExtraTrees        0.753857  
GaussianNB        0.754785  
GradientBoosting  0.706785  
Logistic_L1       0.775862  
Logistic_L2       0.775012  

Saved 7x7 matrix to: world_rank_spearman_matrix.csv
          WorldA    WorldB    WorldC    WorldD    WorldE    WorldF    WorldG
WorldA  1.000000 -0.357143  0.738095  0.976190  1.000000  0.976190  0.642857
WorldB -0.357143  1.000000 -0.071429 -0.285714 -0.357143 -0.452381 -0.619048
WorldC  0.738095 -0.071429  1.000000  0.761905  0.738095  0.619048  0.380952
WorldD  0.976190 -0.285714  0.761905  1.000000  0.976190  0.952381  0.619048
WorldE  1.000000 -0.357143  0.738095  0.976190  1.000000  0.976190  0.642857
WorldF  0.976190 -0.452381  0.619048  0.952381  0.976190  1.000000  0.761905
WorldG  0.642857 -0.619048  0.380952  0.619048  0.642857  0.761905  1.000000